{
  "cells": [
    {
      "cell_type": "markdown",
      "metadata": {
        "id": "OH0FMg6dhf9i"
      },
      "source": [
        "# Assignment I: Numpy"
      ]
    },
    {
      "cell_type": "markdown",
      "metadata": {
        "id": "jcJHnmgwhf9j"
      },
      "source": [
        "Perform the follwing tasks:\n"
      ]
    },
    {
      "cell_type": "code",
      "execution_count": 1,
      "metadata": {
        "id": "UOisE00ahf9k"
      },
      "outputs": [],
      "source": [
        "#1: import the numpy library\n",
        "import numpy as np"
      ]
    },
    {
      "cell_type": "code",
      "execution_count": 2,
      "metadata": {
        "colab": {
          "base_uri": "https://localhost:8080/"
        },
        "id": "BkW4i0Q6hf9l",
        "outputId": "58ecd2f9-2d6d-4f55-81e7-9dd29dea889c"
      },
      "outputs": [
        {
          "output_type": "execute_result",
          "data": {
            "text/plain": [
              "array([[0.49286332, 0.70239199, 0.12834451, 0.3168101 , 0.43949271,\n",
              "        0.38210054, 0.18596347, 0.67099699, 0.94422708, 0.06004482],\n",
              "       [0.29448445, 0.03109419, 0.16623578, 0.85181834, 0.27723836,\n",
              "        0.97310243, 0.23720584, 0.78277766, 0.27532474, 0.05823858],\n",
              "       [0.26355696, 0.42276422, 0.99214908, 0.55637741, 0.70865722,\n",
              "        0.40200738, 0.41451583, 0.55574738, 0.62975514, 0.54302013],\n",
              "       [0.23623429, 0.90547888, 0.92531153, 0.47934995, 0.53862635,\n",
              "        0.44845668, 0.6617169 , 0.07309213, 0.66439106, 0.23652053],\n",
              "       [0.48415223, 0.54164531, 0.12355203, 0.09356685, 0.70382785,\n",
              "        0.05632617, 0.21685937, 0.42738504, 0.34156661, 0.80297708],\n",
              "       [0.9759535 , 0.3684084 , 0.74024298, 0.08817172, 0.81891342,\n",
              "        0.61987404, 0.79485004, 0.30015515, 0.19568935, 0.11949414],\n",
              "       [0.56122161, 0.03439118, 0.79474681, 0.63165044, 0.90731028,\n",
              "        0.36361029, 0.64672496, 0.19199209, 0.15208373, 0.44941893],\n",
              "       [0.33276568, 0.95098478, 0.07800977, 0.34237595, 0.84926342,\n",
              "        0.96678737, 0.64818679, 0.57378462, 0.87369362, 0.82039448],\n",
              "       [0.22935281, 0.07573757, 0.74182108, 0.03831954, 0.09557906,\n",
              "        0.9803964 , 0.92774736, 0.40887393, 0.43192574, 0.17133839],\n",
              "       [0.86624269, 0.57807276, 0.28020617, 0.95066199, 0.88436173,\n",
              "        0.30531472, 0.33348891, 0.86974618, 0.89267726, 0.10877739]])"
            ]
          },
          "metadata": {},
          "execution_count": 2
        }
      ],
      "source": [
        "#2: create a random 10x10 array named A\n",
        "A = np.random.rand(10,10)\n",
        "A"
      ]
    },
    {
      "cell_type": "code",
      "execution_count": null,
      "metadata": {
        "colab": {
          "base_uri": "https://localhost:8080/"
        },
        "id": "sQcRO3wUhf9l",
        "outputId": "22ab2719-a089-4a6c-ff83-7ea5578f7683"
      },
      "outputs": [
        {
          "output_type": "execute_result",
          "data": {
            "text/plain": [
              "array([[0.97380975, 0.75509046, 0.601464  , 0.21346513, 0.92075743,\n",
              "        0.50832761, 0.45918159, 0.34313589, 0.56034732, 0.19598645],\n",
              "       [0.11158198, 0.17257135, 0.26938241, 0.04763437, 0.70015414,\n",
              "        0.1806943 , 0.84530492, 0.61312781, 0.93421029, 0.97345539],\n",
              "       [0.51891834, 0.04389347, 0.35531303, 0.84927554, 0.4911943 ,\n",
              "        0.58842454, 0.6915549 , 0.45957526, 0.29213787, 0.35460477],\n",
              "       [0.13047783, 0.79110944, 0.19211221, 0.61480893, 0.26575441,\n",
              "        0.84123571, 0.30208733, 0.49769452, 0.64855299, 0.19485219],\n",
              "       [0.86559265, 0.81077546, 0.2796267 , 0.1302275 , 0.49034156,\n",
              "        0.04993269, 0.20148613, 0.56386114, 0.87804387, 0.12411826]])"
            ]
          },
          "metadata": {},
          "execution_count": 24
        }
      ],
      "source": [
        "#3: return only the odd rows of A\n",
        "A[1::2]"
      ]
    },
    {
      "cell_type": "code",
      "execution_count": null,
      "metadata": {
        "colab": {
          "base_uri": "https://localhost:8080/"
        },
        "id": "KgY8naWrhf9m",
        "outputId": "e9502ca1-c18f-439b-f988-7f3458788a65"
      },
      "outputs": [
        {
          "output_type": "execute_result",
          "data": {
            "text/plain": [
              "array([[9.18147390e-01, 7.66587562e-01, 1.24937067e-01, 1.44657032e-01,\n",
              "        2.55900527e-01, 7.03973587e-01, 1.52963521e-01, 4.59884701e-01,\n",
              "        3.68864665e-01, 2.03715109e-01],\n",
              "       [7.66587562e-01, 5.49290376e-01, 9.56796447e-02, 3.92710128e-02,\n",
              "        2.65417474e-02, 1.72282874e-01, 1.74827858e-02, 4.20819632e-01,\n",
              "        2.69079729e-01, 4.75025845e-02],\n",
              "       [1.24937067e-01, 9.56796447e-02, 6.38474620e-01, 7.16469907e-03,\n",
              "        1.26064819e-02, 5.03103392e-02, 3.24060215e-03, 5.83225703e-02,\n",
              "        2.33749782e-01, 3.40047310e-01],\n",
              "       [1.44657032e-01, 3.92710128e-02, 7.16469907e-03, 9.45589973e-01,\n",
              "        3.90191327e-01, 7.21813930e-01, 2.63575494e-01, 3.21507214e-01,\n",
              "        1.77309338e-01, 9.09689932e-02],\n",
              "       [2.55900527e-01, 2.65417474e-02, 1.26064819e-02, 3.90191327e-01,\n",
              "        1.75613880e-01, 5.84407458e-01, 3.35755236e-04, 8.37057092e-02,\n",
              "        3.36978961e-01, 5.02862989e-01],\n",
              "       [7.03973587e-01, 1.72282874e-01, 5.03103392e-02, 7.21813930e-01,\n",
              "        5.84407458e-01, 5.36572701e-01, 1.30345717e-01, 1.48786483e-01,\n",
              "        3.68006910e-01, 6.85975433e-01],\n",
              "       [1.52963521e-01, 1.74827858e-02, 3.24060215e-03, 2.63575494e-01,\n",
              "        3.35755236e-04, 1.30345717e-01, 2.01456425e-01, 7.97278769e-01,\n",
              "        1.15957198e-01, 5.98766279e-01],\n",
              "       [4.59884701e-01, 4.20819632e-01, 5.83225703e-02, 3.21507214e-01,\n",
              "        8.37057092e-02, 1.48786483e-01, 7.97278769e-01, 4.53475333e-01,\n",
              "        2.06684490e-01, 3.27297158e-01],\n",
              "       [3.68864665e-01, 2.69079729e-01, 2.33749782e-01, 1.77309338e-01,\n",
              "        3.36978961e-01, 3.68006910e-01, 1.15957198e-01, 2.06684490e-01,\n",
              "        1.05060179e-01, 2.13865355e-01],\n",
              "       [2.03715109e-01, 4.75025845e-02, 3.40047310e-01, 9.09689932e-02,\n",
              "        5.02862989e-01, 6.85975433e-01, 5.98766279e-01, 3.27297158e-01,\n",
              "        2.13865355e-01, 1.60779428e-02]])"
            ]
          },
          "metadata": {},
          "execution_count": 9
        }
      ],
      "source": [
        "#4: perform a matrix multiplication of A with it's transposed\n",
        "A * A.transpose()"
      ]
    },
    {
      "cell_type": "code",
      "execution_count": null,
      "metadata": {
        "colab": {
          "base_uri": "https://localhost:8080/"
        },
        "id": "4dyki1qthf9m",
        "outputId": "6b6cc275-b267-4f76-b54f-4d7385487309"
      },
      "outputs": [
        {
          "output_type": "execute_result",
          "data": {
            "text/plain": [
              "array([[-0.68769723,  0.51207302,  0.13110539, -1.3172886 , -0.49691095,\n",
              "         1.49581598,  0.25747283, -0.02553643,  0.22455608,  0.05267023],\n",
              "       [ 0.56533942, -0.95972374,  0.9743061 , -0.338636  , -0.21855623,\n",
              "        -0.05298728, -1.29823272,  1.11109557,  0.14950324,  0.06024869],\n",
              "       [ 0.38345363, -1.70452616, -0.31699151, -0.48550645,  0.89916378,\n",
              "        -0.52812921, -0.19748832,  0.18282215,  1.7323369 , -0.46830072],\n",
              "       [ 1.04281599, -0.40906237, -1.31004451,  0.68514492,  0.68684649,\n",
              "        -0.73413704,  0.36102119, -0.38122977,  0.78475359, -1.19257668],\n",
              "       [ 0.51564977, -2.32806284, -0.04392507, -0.81469672,  0.45990105,\n",
              "         0.81427211, -0.98537181,  0.62829326,  0.82703324,  0.45300486],\n",
              "       [ 0.5266257 ,  2.24343179,  0.11688453,  1.90863263, -0.6143253 ,\n",
              "        -1.16394645,  0.24523824, -1.6574284 , -0.9973767 ,  0.1306028 ],\n",
              "       [-1.16579922,  0.63441436,  0.4039237 , -0.15307871, -0.78929909,\n",
              "         0.42241335,  0.11973871,  0.74592674, -0.34797852,  0.8783302 ],\n",
              "       [ 1.1835961 , -0.23857152, -0.80198304,  0.33239474,  0.26343623,\n",
              "        -0.86874063,  1.08036983, -0.42189357, -0.3470725 ,  0.08475325],\n",
              "       [-1.55608121,  0.40666549,  0.01318637, -0.64656128,  1.09962544,\n",
              "         0.37400506, -0.27305048,  0.58003372, -0.06973478,  0.40669621],\n",
              "       [-0.94144696,  0.26437757,  1.25350109,  0.07134568, -0.44350287,\n",
              "         0.7930351 , -0.19043982,  0.5191687 , -0.77622533,  0.09159132]])"
            ]
          },
          "metadata": {},
          "execution_count": 11
        }
      ],
      "source": [
        "#5: compute the matrix inverse of A\n",
        "np.linalg.inv(A)"
      ]
    },
    {
      "cell_type": "code",
      "execution_count": null,
      "metadata": {
        "colab": {
          "base_uri": "https://localhost:8080/"
        },
        "id": "GIGRDaBThf9n",
        "outputId": "59a808ee-b2e3-40c5-f275-696d61040bba"
      },
      "outputs": [
        {
          "output_type": "execute_result",
          "data": {
            "text/plain": [
              "array([[0.28828649, 0.46634108, 0.21734567, 0.25114769, 0.05574679,\n",
              "        0.28178446, 0.25756871, 0.25910086, 0.25228149, 0.38673536],\n",
              "       [0.48690487, 0.37754523, 0.300732  , 0.21346513, 0.46037872,\n",
              "        0.2541638 , 0.45918159, 0.34313589, 0.28017366, 0.19598645],\n",
              "       [0.44096891, 0.34621636, 0.26448837, 0.31547088, 0.45320664,\n",
              "        0.41822484, 0.21043658, 0.48653347, 0.05279548, 0.42812164],\n",
              "       [0.11158198, 0.17257135, 0.26938241, 0.04763437, 0.35007707,\n",
              "        0.1806943 , 0.42265246, 0.3065639 , 0.46710515, 0.48672769],\n",
              "       [0.27186927, 0.39836001, 0.41884928, 0.06348369, 0.45264039,\n",
              "        0.18952575, 0.2452743 , 0.39652766, 0.48716343, 0.41528728],\n",
              "       [0.25945917, 0.04389347, 0.35531303, 0.42463777, 0.4911943 ,\n",
              "        0.29421227, 0.34577745, 0.45957526, 0.29213787, 0.35460477],\n",
              "       [0.28588122, 0.27444638, 0.27546366, 0.12377731, 0.2697947 ,\n",
              "        0.32198009, 0.46514146, 0.20848342, 0.31770203, 0.21686787],\n",
              "       [0.13047783, 0.39555472, 0.19211221, 0.30740446, 0.26575441,\n",
              "        0.42061786, 0.30208733, 0.49769452, 0.32427649, 0.19485219],\n",
              "       [0.41171393, 0.3250314 , 0.21096019, 0.36796812, 0.37609939,\n",
              "        0.34299395, 0.34280283, 0.45338477, 0.35956343, 0.3817047 ],\n",
              "       [0.43279632, 0.40538773, 0.2796267 , 0.1302275 , 0.49034156,\n",
              "        0.04993269, 0.20148613, 0.28193057, 0.43902193, 0.12411826]])"
            ]
          },
          "metadata": {},
          "execution_count": 18
        }
      ],
      "source": [
        "#6: divide all entries of A which are lager than 0.5 by 2 (hint: use where() )\n",
        "np.where(A>0.5, A/2, A)"
      ]
    },
    {
      "cell_type": "code",
      "execution_count": 4,
      "metadata": {
        "id": "tQoHG_80hf9n",
        "outputId": "b6aae12e-62b1-48a3-ce66-4fe100609608",
        "colab": {
          "base_uri": "https://localhost:8080/"
        }
      },
      "outputs": [
        {
          "output_type": "stream",
          "name": "stdout",
          "text": [
            "[[-0.27908818  0.39901077 -0.09816827  0.12132913 -0.24201732 -0.37552491\n",
            "   0.25957004 -0.0076414   0.31127575 -0.61206494]\n",
            " [-0.24921295  0.05336232 -0.72856755 -0.13438572  0.1629536   0.2847258\n",
            "  -0.19323076 -0.44542199 -0.14296663 -0.14958003]\n",
            " [-0.34406635 -0.11360182  0.1244769  -0.0876225  -0.29617717  0.44869361\n",
            "   0.5047208  -0.26099702  0.38047117  0.29811585]\n",
            " [-0.32879373 -0.1780201   0.24999284  0.20669463 -0.62301792  0.02091545\n",
            "  -0.44824732 -0.183855   -0.34956657 -0.09731677]\n",
            " [-0.23184661  0.24291005  0.4412544   0.00599233  0.41060485  0.14052524\n",
            "   0.32612146 -0.22148842 -0.55697415 -0.19627603]\n",
            " [-0.32574146 -0.36642518  0.13902538 -0.18755164  0.30072526 -0.61880306\n",
            "  -0.094983   -0.39586176  0.190507    0.17247401]\n",
            " [-0.29905175 -0.33879364  0.16101582 -0.44374908  0.17192431  0.29466756\n",
            "  -0.1988072   0.43073028  0.17135218 -0.4496067 ]\n",
            " [-0.40621855  0.26970949  0.07600159  0.55985021  0.35109286  0.16577628\n",
            "  -0.34571044  0.1789746   0.30120379  0.22364139]\n",
            " [-0.26136417 -0.4975343  -0.34208897  0.40134148  0.03466776 -0.13319009\n",
            "   0.40642731  0.36635189 -0.29579814  0.01461761]\n",
            " [-0.3884568   0.40621289 -0.13711564 -0.45846192 -0.16106972 -0.20355326\n",
            "  -0.00404682  0.37693621 -0.24822953  0.42896597]]\n",
            "[5.03665456 1.54813354 1.29788057 1.18590695 0.94497288 0.85495724\n",
            " 0.52893591 0.29217891 0.17437864 0.04144993]\n",
            "[[-0.29958478 -0.30446428 -0.31066556 -0.27943877 -0.40253731 -0.34272778\n",
            "  -0.31948462 -0.30370833 -0.35147246 -0.21356651]\n",
            " [ 0.0243832   0.33023938 -0.62143045  0.16742417  0.07622755 -0.23303177\n",
            "  -0.4437653   0.30150794  0.35186532  0.0661999 ]\n",
            " [ 0.07448042  0.34690739  0.16969527 -0.32730694  0.35352272 -0.55360937\n",
            "   0.01728812 -0.38756789 -0.03863709  0.39334385]\n",
            " [-0.42331702  0.3776235  -0.15201322 -0.46442115 -0.31900637  0.41364092\n",
            "   0.20129541 -0.09251547  0.26207329  0.22086858]\n",
            " [ 0.29366154 -0.28758773 -0.48293461 -0.27445728  0.25782951  0.27929901\n",
            "   0.10995024  0.13685209 -0.40309944  0.42978234]\n",
            " [-0.5851297  -0.18493449  0.13361493  0.45159162  0.05928859  0.02615321\n",
            "  -0.18395383  0.01907406 -0.11977653  0.59066586]\n",
            " [ 0.05000245 -0.34351897  0.3262344  -0.42819645 -0.20837508 -0.25857635\n",
            "  -0.12607189  0.58162582  0.27298101  0.22523353]\n",
            " [-0.09890996 -0.44898062 -0.31085557  0.11949504  0.06936478 -0.26590611\n",
            "   0.54949688 -0.21473499  0.50349119  0.02537973]\n",
            " [-0.23624141 -0.26692477  0.07518347 -0.28856766  0.60772608  0.2892569\n",
            "  -0.40224902 -0.16703837  0.27991939 -0.25090998]\n",
            " [-0.47770546  0.16599406 -0.07493454 -0.10441233  0.34330142 -0.22521643\n",
            "   0.36689225  0.47612225 -0.31507178 -0.31396735]]\n"
          ]
        }
      ],
      "source": [
        "#7: compute the singular value decomposition of A\n",
        "S,U,V = np.linalg.svd(A)\n",
        "#7.1: plot the singular values\n",
        "print(S)\n",
        "print(U)\n",
        "print(V)\n",
        "\n",
        "#7.2: reconstruct A' by using only the top 5 singular values"
      ]
    },
    {
      "cell_type": "code",
      "execution_count": null,
      "metadata": {
        "id": "u4cU8lbzhf9o"
      },
      "outputs": [],
      "source": []
    }
  ],
  "metadata": {
    "kernelspec": {
      "display_name": "Python 3",
      "language": "python",
      "name": "python3"
    },
    "language_info": {
      "codemirror_mode": {
        "name": "ipython",
        "version": 3
      },
      "file_extension": ".py",
      "mimetype": "text/x-python",
      "name": "python",
      "nbconvert_exporter": "python",
      "pygments_lexer": "ipython3",
      "version": "3.7.6"
    },
    "colab": {
      "provenance": []
    }
  },
  "nbformat": 4,
  "nbformat_minor": 0
}