{
  "cells": [
    {
      "cell_type": "markdown",
      "metadata": {
        "id": "OH0FMg6dhf9i"
      },
      "source": [
        "# Assignment I: Numpy"
      ]
    },
    {
      "cell_type": "markdown",
      "metadata": {
        "id": "jcJHnmgwhf9j"
      },
      "source": [
        "Perform the follwing tasks:\n"
      ]
    },
    {
      "cell_type": "code",
      "execution_count": 2,
      "metadata": {
        "id": "UOisE00ahf9k"
      },
      "outputs": [],
      "source": [
        "#1: import the numpy library\n",
        "import numpy as np"
      ]
    },
    {
      "cell_type": "code",
      "execution_count": 16,
      "metadata": {
        "colab": {
          "base_uri": "https://localhost:8080/"
        },
        "id": "BkW4i0Q6hf9l",
        "outputId": "39a1d616-d5d7-4698-ccc1-e7c842e1ee94"
      },
      "outputs": [
        {
          "output_type": "execute_result",
          "data": {
            "text/plain": [
              "array([[0.57657299, 0.46634108, 0.21734567, 0.50229537, 0.05574679,\n",
              "        0.56356893, 0.51513741, 0.25910086, 0.25228149, 0.77347071],\n",
              "       [0.97380975, 0.75509046, 0.601464  , 0.21346513, 0.92075743,\n",
              "        0.50832761, 0.45918159, 0.34313589, 0.56034732, 0.19598645],\n",
              "       [0.88193782, 0.69243272, 0.26448837, 0.63094177, 0.45320664,\n",
              "        0.41822484, 0.21043658, 0.97306693, 0.05279548, 0.42812164],\n",
              "       [0.11158198, 0.17257135, 0.26938241, 0.04763437, 0.70015414,\n",
              "        0.1806943 , 0.84530492, 0.61312781, 0.93421029, 0.97345539],\n",
              "       [0.54373855, 0.79672002, 0.83769855, 0.06348369, 0.45264039,\n",
              "        0.18952575, 0.2452743 , 0.39652766, 0.97432687, 0.83057455],\n",
              "       [0.51891834, 0.04389347, 0.35531303, 0.84927554, 0.4911943 ,\n",
              "        0.58842454, 0.6915549 , 0.45957526, 0.29213787, 0.35460477],\n",
              "       [0.57176244, 0.54889277, 0.55092733, 0.12377731, 0.5395894 ,\n",
              "        0.64396019, 0.93028292, 0.20848342, 0.31770203, 0.21686787],\n",
              "       [0.13047783, 0.79110944, 0.19211221, 0.61480893, 0.26575441,\n",
              "        0.84123571, 0.30208733, 0.49769452, 0.64855299, 0.19485219],\n",
              "       [0.41171393, 0.65006281, 0.21096019, 0.73593624, 0.75219877,\n",
              "        0.68598791, 0.68560565, 0.90676953, 0.71912686, 0.3817047 ],\n",
              "       [0.86559265, 0.81077546, 0.2796267 , 0.1302275 , 0.49034156,\n",
              "        0.04993269, 0.20148613, 0.56386114, 0.87804387, 0.12411826]])"
            ]
          },
          "metadata": {},
          "execution_count": 16
        }
      ],
      "source": [
        "#2: create a random 10x10 array named A\n",
        "A = np.random.rand(10,10)\n",
        "A"
      ]
    },
    {
      "cell_type": "code",
      "execution_count": 17,
      "metadata": {
        "colab": {
          "base_uri": "https://localhost:8080/"
        },
        "id": "sQcRO3wUhf9l",
        "outputId": "4b3c1ed1-2289-4c93-ca84-df4ce98ee611"
      },
      "outputs": [
        {
          "output_type": "execute_result",
          "data": {
            "text/plain": [
              "array([[0.57657299, 0.46634108, 0.21734567, 0.50229537, 0.05574679,\n",
              "        0.56356893, 0.51513741, 0.25910086, 0.25228149, 0.77347071],\n",
              "       [0.88193782, 0.69243272, 0.26448837, 0.63094177, 0.45320664,\n",
              "        0.41822484, 0.21043658, 0.97306693, 0.05279548, 0.42812164],\n",
              "       [0.54373855, 0.79672002, 0.83769855, 0.06348369, 0.45264039,\n",
              "        0.18952575, 0.2452743 , 0.39652766, 0.97432687, 0.83057455],\n",
              "       [0.57176244, 0.54889277, 0.55092733, 0.12377731, 0.5395894 ,\n",
              "        0.64396019, 0.93028292, 0.20848342, 0.31770203, 0.21686787],\n",
              "       [0.41171393, 0.65006281, 0.21096019, 0.73593624, 0.75219877,\n",
              "        0.68598791, 0.68560565, 0.90676953, 0.71912686, 0.3817047 ]])"
            ]
          },
          "metadata": {},
          "execution_count": 17
        }
      ],
      "source": [
        "#3: return only the odd rows of A\n",
        "A[::2]"
      ]
    },
    {
      "cell_type": "code",
      "execution_count": 9,
      "metadata": {
        "colab": {
          "base_uri": "https://localhost:8080/"
        },
        "id": "KgY8naWrhf9m",
        "outputId": "e9502ca1-c18f-439b-f988-7f3458788a65"
      },
      "outputs": [
        {
          "output_type": "execute_result",
          "data": {
            "text/plain": [
              "array([[9.18147390e-01, 7.66587562e-01, 1.24937067e-01, 1.44657032e-01,\n",
              "        2.55900527e-01, 7.03973587e-01, 1.52963521e-01, 4.59884701e-01,\n",
              "        3.68864665e-01, 2.03715109e-01],\n",
              "       [7.66587562e-01, 5.49290376e-01, 9.56796447e-02, 3.92710128e-02,\n",
              "        2.65417474e-02, 1.72282874e-01, 1.74827858e-02, 4.20819632e-01,\n",
              "        2.69079729e-01, 4.75025845e-02],\n",
              "       [1.24937067e-01, 9.56796447e-02, 6.38474620e-01, 7.16469907e-03,\n",
              "        1.26064819e-02, 5.03103392e-02, 3.24060215e-03, 5.83225703e-02,\n",
              "        2.33749782e-01, 3.40047310e-01],\n",
              "       [1.44657032e-01, 3.92710128e-02, 7.16469907e-03, 9.45589973e-01,\n",
              "        3.90191327e-01, 7.21813930e-01, 2.63575494e-01, 3.21507214e-01,\n",
              "        1.77309338e-01, 9.09689932e-02],\n",
              "       [2.55900527e-01, 2.65417474e-02, 1.26064819e-02, 3.90191327e-01,\n",
              "        1.75613880e-01, 5.84407458e-01, 3.35755236e-04, 8.37057092e-02,\n",
              "        3.36978961e-01, 5.02862989e-01],\n",
              "       [7.03973587e-01, 1.72282874e-01, 5.03103392e-02, 7.21813930e-01,\n",
              "        5.84407458e-01, 5.36572701e-01, 1.30345717e-01, 1.48786483e-01,\n",
              "        3.68006910e-01, 6.85975433e-01],\n",
              "       [1.52963521e-01, 1.74827858e-02, 3.24060215e-03, 2.63575494e-01,\n",
              "        3.35755236e-04, 1.30345717e-01, 2.01456425e-01, 7.97278769e-01,\n",
              "        1.15957198e-01, 5.98766279e-01],\n",
              "       [4.59884701e-01, 4.20819632e-01, 5.83225703e-02, 3.21507214e-01,\n",
              "        8.37057092e-02, 1.48786483e-01, 7.97278769e-01, 4.53475333e-01,\n",
              "        2.06684490e-01, 3.27297158e-01],\n",
              "       [3.68864665e-01, 2.69079729e-01, 2.33749782e-01, 1.77309338e-01,\n",
              "        3.36978961e-01, 3.68006910e-01, 1.15957198e-01, 2.06684490e-01,\n",
              "        1.05060179e-01, 2.13865355e-01],\n",
              "       [2.03715109e-01, 4.75025845e-02, 3.40047310e-01, 9.09689932e-02,\n",
              "        5.02862989e-01, 6.85975433e-01, 5.98766279e-01, 3.27297158e-01,\n",
              "        2.13865355e-01, 1.60779428e-02]])"
            ]
          },
          "metadata": {},
          "execution_count": 9
        }
      ],
      "source": [
        "#4: perform a matrix multiplication of A with it's transposed\n",
        "A * A.transpose()"
      ]
    },
    {
      "cell_type": "code",
      "execution_count": 11,
      "metadata": {
        "colab": {
          "base_uri": "https://localhost:8080/"
        },
        "id": "4dyki1qthf9m",
        "outputId": "6b6cc275-b267-4f76-b54f-4d7385487309"
      },
      "outputs": [
        {
          "output_type": "execute_result",
          "data": {
            "text/plain": [
              "array([[-0.68769723,  0.51207302,  0.13110539, -1.3172886 , -0.49691095,\n",
              "         1.49581598,  0.25747283, -0.02553643,  0.22455608,  0.05267023],\n",
              "       [ 0.56533942, -0.95972374,  0.9743061 , -0.338636  , -0.21855623,\n",
              "        -0.05298728, -1.29823272,  1.11109557,  0.14950324,  0.06024869],\n",
              "       [ 0.38345363, -1.70452616, -0.31699151, -0.48550645,  0.89916378,\n",
              "        -0.52812921, -0.19748832,  0.18282215,  1.7323369 , -0.46830072],\n",
              "       [ 1.04281599, -0.40906237, -1.31004451,  0.68514492,  0.68684649,\n",
              "        -0.73413704,  0.36102119, -0.38122977,  0.78475359, -1.19257668],\n",
              "       [ 0.51564977, -2.32806284, -0.04392507, -0.81469672,  0.45990105,\n",
              "         0.81427211, -0.98537181,  0.62829326,  0.82703324,  0.45300486],\n",
              "       [ 0.5266257 ,  2.24343179,  0.11688453,  1.90863263, -0.6143253 ,\n",
              "        -1.16394645,  0.24523824, -1.6574284 , -0.9973767 ,  0.1306028 ],\n",
              "       [-1.16579922,  0.63441436,  0.4039237 , -0.15307871, -0.78929909,\n",
              "         0.42241335,  0.11973871,  0.74592674, -0.34797852,  0.8783302 ],\n",
              "       [ 1.1835961 , -0.23857152, -0.80198304,  0.33239474,  0.26343623,\n",
              "        -0.86874063,  1.08036983, -0.42189357, -0.3470725 ,  0.08475325],\n",
              "       [-1.55608121,  0.40666549,  0.01318637, -0.64656128,  1.09962544,\n",
              "         0.37400506, -0.27305048,  0.58003372, -0.06973478,  0.40669621],\n",
              "       [-0.94144696,  0.26437757,  1.25350109,  0.07134568, -0.44350287,\n",
              "         0.7930351 , -0.19043982,  0.5191687 , -0.77622533,  0.09159132]])"
            ]
          },
          "metadata": {},
          "execution_count": 11
        }
      ],
      "source": [
        "#5: compute the matrix inverse of A\n",
        "np.linalg.inv(A)"
      ]
    },
    {
      "cell_type": "code",
      "execution_count": 18,
      "metadata": {
        "colab": {
          "base_uri": "https://localhost:8080/"
        },
        "id": "GIGRDaBThf9n",
        "outputId": "59a808ee-b2e3-40c5-f275-696d61040bba"
      },
      "outputs": [
        {
          "output_type": "execute_result",
          "data": {
            "text/plain": [
              "array([[0.28828649, 0.46634108, 0.21734567, 0.25114769, 0.05574679,\n",
              "        0.28178446, 0.25756871, 0.25910086, 0.25228149, 0.38673536],\n",
              "       [0.48690487, 0.37754523, 0.300732  , 0.21346513, 0.46037872,\n",
              "        0.2541638 , 0.45918159, 0.34313589, 0.28017366, 0.19598645],\n",
              "       [0.44096891, 0.34621636, 0.26448837, 0.31547088, 0.45320664,\n",
              "        0.41822484, 0.21043658, 0.48653347, 0.05279548, 0.42812164],\n",
              "       [0.11158198, 0.17257135, 0.26938241, 0.04763437, 0.35007707,\n",
              "        0.1806943 , 0.42265246, 0.3065639 , 0.46710515, 0.48672769],\n",
              "       [0.27186927, 0.39836001, 0.41884928, 0.06348369, 0.45264039,\n",
              "        0.18952575, 0.2452743 , 0.39652766, 0.48716343, 0.41528728],\n",
              "       [0.25945917, 0.04389347, 0.35531303, 0.42463777, 0.4911943 ,\n",
              "        0.29421227, 0.34577745, 0.45957526, 0.29213787, 0.35460477],\n",
              "       [0.28588122, 0.27444638, 0.27546366, 0.12377731, 0.2697947 ,\n",
              "        0.32198009, 0.46514146, 0.20848342, 0.31770203, 0.21686787],\n",
              "       [0.13047783, 0.39555472, 0.19211221, 0.30740446, 0.26575441,\n",
              "        0.42061786, 0.30208733, 0.49769452, 0.32427649, 0.19485219],\n",
              "       [0.41171393, 0.3250314 , 0.21096019, 0.36796812, 0.37609939,\n",
              "        0.34299395, 0.34280283, 0.45338477, 0.35956343, 0.3817047 ],\n",
              "       [0.43279632, 0.40538773, 0.2796267 , 0.1302275 , 0.49034156,\n",
              "        0.04993269, 0.20148613, 0.28193057, 0.43902193, 0.12411826]])"
            ]
          },
          "metadata": {},
          "execution_count": 18
        }
      ],
      "source": [
        "#6: divide all entries of A which are lager than 0.5 by 2 (hint: use where() )\n",
        "np.where(A>0.5, A/2, A)"
      ]
    },
    {
      "cell_type": "code",
      "execution_count": 22,
      "metadata": {
        "id": "tQoHG_80hf9n"
      },
      "outputs": [],
      "source": [
        "#7: compute the singular value decomposition of A\n",
        "B = np.linalg.svd(A)\n",
        "#7.1: plot the singular values\n",
        "%matplotlib inline\n",
        "import matplotlib.pyplot as plt\n",
        "\n",
        "\n",
        "#7.2: reconstruct A' by using only the top 5 singular values"
      ]
    },
    {
      "cell_type": "code",
      "execution_count": null,
      "metadata": {
        "id": "u4cU8lbzhf9o"
      },
      "outputs": [],
      "source": []
    }
  ],
  "metadata": {
    "kernelspec": {
      "display_name": "Python 3",
      "language": "python",
      "name": "python3"
    },
    "language_info": {
      "codemirror_mode": {
        "name": "ipython",
        "version": 3
      },
      "file_extension": ".py",
      "mimetype": "text/x-python",
      "name": "python",
      "nbconvert_exporter": "python",
      "pygments_lexer": "ipython3",
      "version": "3.7.6"
    },
    "colab": {
      "provenance": []
    }
  },
  "nbformat": 4,
  "nbformat_minor": 0
}